      0/99      1.4G      4.74      5.39      4.59      14.7        13       320         0         0   0.00159         0       3.7         2      3.08
      1/99     2.63G       3.3      3.81      3.08      10.2        27       576    0.0485   0.00535   0.00678   0.00735      3.35       1.6      2.82
      2/99     1.36G      3.02      3.01      2.83      8.85        26       544     0.142    0.0249     0.028    0.0314      3.09      1.29      2.48
      3/99     1.41G      2.82      2.69      2.58      8.09        25       480     0.207    0.0402    0.0485    0.0563      2.94      1.22      2.36
      4/99     10.6G      2.68      2.62      2.45      7.75        23       320     0.296    0.0548    0.0794    0.0801      2.81       1.2      2.13
      5/99     1.41G       2.6      2.61      2.31      7.53        13       512     0.249    0.0783    0.0951     0.111      2.76      1.18      2.03
      6/99     12.6G      2.55      2.68      2.23      7.46        14       480     0.392      0.11     0.133      0.15      2.68      1.18      1.88
      7/99     6.05G      2.46      2.48      2.13      7.08        21       608     0.293     0.141     0.139     0.171      2.61      1.17      1.77
      8/99     9.82G      2.46      2.62      2.07      7.14        16       576     0.349      0.16     0.153     0.191       2.6      1.17      1.73
      9/99      1.4G       2.4      2.42      2.02      6.83        19       352     0.441     0.146     0.198     0.202      2.51      1.13      1.63
     10/99     13.6G      2.37      2.57      1.96       6.9        23       352     0.421     0.179     0.206     0.225      2.49      1.13      1.57
     11/99     13.6G      2.35      2.55      1.91      6.82        10       576     0.406      0.22     0.229     0.262      2.44      1.15       1.5
     12/99     13.6G      2.32      2.47      1.87      6.66        16       576     0.438     0.222     0.241      0.27      2.43      1.13      1.46
     13/99     13.6G      2.28       2.4      1.81      6.49        14       480     0.423     0.236     0.251     0.283      2.38      1.12       1.4
     14/99     1.41G      2.29      2.47      1.78      6.54        14       416     0.416     0.268     0.263       0.3      2.36      1.12      1.37
     15/99     13.5G      2.26      2.39      1.75      6.41        13       320     0.429     0.264     0.271     0.312      2.34       1.1       1.3
     16/99     13.5G      2.24      2.42      1.71      6.36        17       352     0.439     0.271     0.275      0.31      2.33       1.1      1.28
     17/99     13.5G      2.22      2.39      1.69       6.3        19       544     0.472     0.294     0.313     0.343       2.3      1.08      1.21
     18/99     13.5G      2.21      2.52      1.67      6.39        24       480     0.466     0.306     0.317     0.352       2.3      1.09      1.19
     19/99     2.04G      2.19      2.35      1.62      6.15        17       640     0.458      0.31     0.319     0.356      2.27      1.07      1.17
     20/99     12.9G      2.18      2.42      1.62      6.21        16       544      0.47      0.31     0.322      0.36      2.25      1.08      1.13
     21/99     12.9G      2.16       2.4      1.58      6.15        14       512     0.443     0.328     0.324     0.364      2.23      1.07      1.11
     22/99     1.44G      2.14      2.42      1.55      6.12        22       448     0.458     0.343     0.343     0.378      2.22      1.06      1.09
     23/99     11.6G      2.14       2.4      1.54      6.09        23       448     0.457     0.373      0.36     0.403      2.21      1.06      1.07
     24/99     11.6G      2.13      2.39      1.52      6.03        23       480     0.458     0.362     0.353     0.398       2.2      1.06      1.05
     25/99     11.6G      2.13      2.33      1.51      5.97        16       640     0.467     0.381     0.376      0.41      2.17      1.05      1.02
     26/99     1.41G      2.11      2.43      1.49      6.03        23       384     0.469     0.375     0.376     0.408      2.17      1.05      1.03
     27/99     13.1G      2.09      2.34      1.45      5.88        44       480     0.458     0.394     0.377     0.417      2.16      1.04     0.975
     28/99     13.1G      2.09      2.36      1.42      5.86        18       480     0.466       0.4     0.388     0.421      2.15      1.04     0.953
     29/99     13.1G      2.07      2.36      1.43      5.86        15       576     0.487     0.397     0.401     0.429      2.13      1.02     0.944
     30/99     13.1G      2.07      2.32      1.42      5.81        30       448     0.474     0.417     0.404     0.434      2.12      1.03     0.915
     31/99     13.1G      2.06      2.28      1.39      5.73        15       512     0.492     0.422     0.421     0.446      2.09      1.02     0.886
     32/99     13.1G      2.06      2.43       1.4      5.89        14       512     0.479     0.428     0.417     0.445      2.09      1.02     0.878
     33/99     13.1G      2.04       2.3      1.38      5.71        21       416     0.506     0.424     0.427     0.453      2.08      1.01     0.866
     34/99     13.1G      2.03       2.2      1.33      5.57        14       608     0.489     0.436     0.431     0.455      2.06      1.01      0.84
     35/99     13.1G      2.02      2.22      1.31      5.55         9       352     0.484     0.451     0.436      0.46      2.05      1.01     0.827
     36/99     13.1G      2.03      2.36      1.33      5.72        15       544     0.478     0.482     0.452     0.476      2.05      1.02     0.824
     37/99     13.1G      2.02      2.35      1.31      5.68        18       320     0.481     0.479     0.452     0.474      2.04      1.02     0.808
     38/99     13.1G      2.01      2.24      1.27      5.52        19       448     0.485     0.474     0.453     0.473      2.03      1.01     0.782
     39/99     13.1G      2.01      2.29      1.28      5.57        22       352     0.486     0.482     0.464     0.479      2.02         1     0.773
     40/99     13.1G         2      2.32      1.27      5.59        23       608     0.484     0.492     0.463     0.483      2.02         1     0.768
     41/99     13.1G      1.99      2.27      1.25      5.51        13       352       0.5     0.501     0.479     0.495      2.01     0.998     0.748
     42/99     13.1G      1.98      2.26      1.24      5.49        16       384     0.493     0.505      0.48     0.494         2     0.999     0.735
     43/99     13.1G      1.99      2.32      1.22      5.53        15       576     0.494     0.511     0.484     0.497         2         1     0.729
     44/99     13.1G      1.98      2.29      1.23      5.49        17       320     0.491     0.508     0.484     0.495      1.99     0.994     0.713
     45/99     13.1G      1.98      2.31      1.22      5.51        20       608     0.497     0.519     0.492     0.503      1.98     0.991     0.705
     46/99     13.1G      1.96      2.23      1.21       5.4        11       640     0.504     0.514     0.497     0.504      1.97     0.984     0.687
     47/99     13.1G      1.94      2.13      1.16      5.23        14       576     0.512     0.527     0.508     0.515      1.96     0.979     0.668
     48/99     13.1G      1.96      2.21      1.17      5.33        20       416     0.511     0.529     0.506     0.516      1.95      0.98     0.667
     49/99     13.1G      1.96      2.21      1.16      5.33        10       352     0.508     0.533     0.509     0.517      1.95     0.977     0.655
     50/99     13.1G      1.93      2.22      1.15       5.3         9       576      0.51     0.533     0.513     0.518      1.95     0.975     0.648
     51/99     13.1G      1.93      2.26      1.16      5.35        13       320     0.506     0.547     0.521     0.522      1.94     0.978     0.641
     52/99     13.1G      1.93      2.17      1.13      5.23        14       416     0.513     0.555     0.525      0.53      1.93     0.974     0.629
     53/99     13.1G      1.94      2.31      1.15       5.4        19       512     0.506     0.557     0.524     0.527      1.93     0.974     0.625
     54/99     13.1G      1.94      2.29      1.14      5.37        20       448     0.508      0.56     0.525     0.529      1.93     0.973     0.621
     55/99     13.1G      1.93      2.26      1.11       5.3        20       416     0.506     0.558     0.528     0.527      1.92     0.973     0.615
     56/99     13.1G      1.92       2.2      1.11      5.23        20       512     0.513     0.556     0.532      0.53      1.91      0.97     0.604
     57/99     13.1G      1.91      2.25       1.1      5.26        10       512     0.509     0.561     0.534      0.53      1.91     0.969     0.598
     58/99     13.1G      1.91      2.17       1.1      5.17        23       640      0.51     0.563     0.537     0.531       1.9     0.966     0.587
     59/99     13.1G      1.91      2.23      1.09      5.23        19       448     0.507     0.565     0.538     0.531       1.9     0.964     0.579
     60/99     13.1G       1.9      2.27      1.09      5.26        29       352     0.508      0.57     0.543     0.533       1.9     0.963     0.573
     61/99     13.1G      1.89      2.11      1.06      5.06        11       480     0.514     0.577     0.549      0.54      1.89      0.96     0.561
     62/99     13.1G      1.88      2.16      1.04      5.09        19       352     0.511      0.58     0.552     0.539      1.89     0.958     0.553
     63/99     13.1G      1.88      2.12      1.06      5.06        15       320      0.51     0.582     0.554      0.54      1.88     0.956     0.546
     64/99     13.1G      1.89      2.22      1.05      5.15        17       448     0.508     0.586     0.555     0.541      1.88     0.955     0.541
     65/99     13.1G      1.87      2.15      1.03      5.06        16       320     0.513     0.589     0.559     0.545      1.88     0.953     0.535
     66/99     13.1G      1.88      2.19      1.03       5.1        20       384     0.512      0.59     0.559     0.545      1.87     0.952      0.53
     67/99     13.1G      1.88      2.16      1.04      5.08        16       576     0.511     0.593     0.562     0.546      1.87     0.951     0.526
     68/99     13.1G      1.86      2.23      1.03      5.13        22       608      0.51     0.595     0.564     0.546      1.87     0.951     0.523
     69/99     13.1G      1.86      2.14      0.99         5        17       320      0.51     0.599     0.565     0.548      1.86      0.95     0.519
     70/99     13.1G      1.86      2.12         1      4.98        27       544     0.514       0.6     0.567     0.551      1.86     0.948     0.514
     71/99     13.1G      1.85      2.15     0.986      4.99        16       512     0.514       0.6     0.569     0.551      1.86     0.947     0.509
     72/99     13.1G      1.86      2.19     0.988      5.04        15       480     0.516     0.604     0.571     0.553      1.86     0.946     0.505
     73/99     13.1G      1.85      2.09     0.972      4.91        21       480     0.518     0.607     0.573     0.556      1.85     0.945       0.5
     74/99     13.1G      1.85      2.07     0.969      4.89        20       512     0.519     0.608     0.574     0.557      1.85     0.944     0.495
     75/99     13.1G      1.85      2.15     0.962      4.96        18       384     0.518     0.608     0.575     0.556      1.85     0.943     0.491
     76/99     13.1G      1.82      2.01     0.959      4.79        12       480      0.52     0.611     0.577     0.559      1.85     0.942     0.487
     77/99     13.1G      1.84       2.1      0.94      4.89        25       352     0.521     0.615     0.579     0.561      1.84     0.941     0.484
     78/99     13.1G      1.85      2.17     0.959      4.98        17       576     0.522     0.617     0.581     0.562      1.84     0.941     0.481
     79/99     13.1G      1.83      2.08     0.949      4.86         9       608     0.522     0.618     0.583     0.563      1.84      0.94     0.478
     80/99     13.1G      1.83      2.17     0.949      4.95        30       512     0.521     0.618     0.584     0.562      1.84      0.94     0.476
     81/99     13.1G      1.82         2     0.922      4.74        19       544     0.523      0.62     0.585     0.564      1.84     0.939     0.473
     82/99     13.1G      1.84      2.18     0.938      4.96        14       576     0.522      0.62     0.586     0.564      1.84     0.939     0.471
     83/99     13.1G      1.83       2.1     0.927      4.86        17       352     0.523     0.622     0.587     0.565      1.83     0.938     0.468
     84/99     13.1G      1.82      2.15     0.922       4.9        13       640     0.522     0.624     0.587     0.565      1.83     0.938     0.467
     85/99     13.1G      1.83      2.21     0.946      4.99        21       384      0.52     0.623     0.587     0.564      1.83     0.937     0.466
     86/99     13.1G      1.82      2.15     0.914      4.89        12       512      0.52     0.624     0.588     0.564      1.83     0.937     0.464
     87/99     13.1G      1.81      2.12     0.909      4.84        21       576      0.52     0.625     0.589     0.565      1.83     0.937     0.463
     88/99     13.1G      1.82      2.09     0.902      4.81        15       416     0.521     0.627      0.59     0.566      1.83     0.936     0.461
     89/99     13.1G      1.81      2.06     0.896      4.77        25       448      0.52     0.627     0.591     0.565      1.83     0.935      0.46
     90/99     13.1G      1.81      2.14     0.902      4.85        17       320      0.52     0.629     0.591     0.566      1.83     0.935     0.458
     91/99     13.1G      1.81      2.17     0.905      4.89        13       384     0.519      0.63     0.592     0.565      1.83     0.935     0.457
     92/99     13.1G      1.81      2.15     0.907      4.87        15       576     0.519     0.631     0.593     0.566      1.83     0.935     0.456
     93/99     13.1G      1.82      2.19     0.921      4.94        24       512     0.519     0.632     0.593     0.566      1.83     0.934     0.455
     94/99     13.1G      1.81      2.15     0.891      4.86        13       608     0.519     0.633     0.594     0.567      1.83     0.934     0.454
     95/99     13.1G       1.8      2.12      0.89      4.81        27       448      0.52     0.633     0.594     0.568      1.82     0.934     0.453
     96/99     13.1G      1.79      2.03     0.886      4.71        19       448      0.52     0.634     0.595     0.568      1.82     0.933     0.451
     97/99     13.1G       1.8      2.09     0.887      4.78        25       512      0.52     0.634     0.595     0.568      1.82     0.933      0.45
     98/99     13.1G      1.81      2.09     0.896      4.79        11       480      0.52     0.634     0.595     0.568      1.82     0.933     0.449
     99/99     13.1G      1.81      2.16     0.889      4.86        10       448     0.519     0.634     0.596     0.568      1.82     0.932     0.449
