      0/99    0.763G      3.78      7.73      7.09      18.6        15       320    0.0122   0.00121  0.000496   0.00171      3.55      1.81      4.19
      1/99     2.49G      3.22       3.5      3.81      10.5        21       576     0.149   0.00287    0.0072   0.00526      3.32      1.46      3.43
      2/99    0.797G      3.06      2.72      3.43      9.22        16       544     0.105   0.00495    0.0173   0.00922       3.2       1.1      3.18
      3/99     1.07G      2.96      2.45      3.26      8.68        13       480     0.152    0.0304    0.0367    0.0447      3.12      1.11      3.03
      4/99     8.09G      2.88      2.39      3.13       8.4         7       320     0.148    0.0659    0.0594      0.08      2.97      1.09      2.86
      5/99    0.776G      2.84       2.4      3.05      8.29        15       512     0.211    0.0711    0.0547    0.0847      2.94      1.08      2.79
      6/99     8.93G      2.79      2.42      2.97      8.17        10       480     0.217    0.0934    0.0736    0.0989      2.85      1.07      2.77
      7/99     1.03G      2.74       2.3      2.91      7.94        19       608     0.225    0.0966    0.0953     0.116      2.83      1.05      2.63
      8/99     8.04G       2.7      2.38      2.85      7.93        23       576     0.179     0.145     0.093     0.137       2.8      1.09      2.58
      9/99    0.744G      2.66      2.25      2.81      7.72        20       352     0.252      0.15     0.127     0.164      2.72      1.06      2.47
     10/99     8.14G      2.63      2.36      2.77      7.76        23       352     0.258     0.152     0.127      0.16      2.68      1.06      2.43
     11/99     8.14G       2.6      2.36      2.73      7.69        22       576     0.291     0.169     0.157     0.186      2.66      1.02      2.38
     12/99     8.14G      2.58      2.28      2.71      7.57        15       576     0.276     0.163     0.141     0.176      2.64      1.05      2.42
     13/99     8.14G      2.56      2.21      2.66      7.43        20       480     0.258     0.213     0.169     0.202       2.6      1.04      2.32
     14/99    0.738G      2.54      2.27      2.65      7.46        14       416     0.261     0.225     0.171     0.208      2.58      1.04      2.28
     15/99     8.14G      2.51      2.21      2.59      7.32        16       320     0.277     0.229     0.177     0.225      2.55      1.04       2.3
     16/99     8.14G       2.5      2.23      2.59      7.33        19       352     0.281     0.245     0.192     0.233      2.55      1.04       2.2
     17/99     8.14G      2.49      2.22      2.57      7.28        23       544     0.287     0.233     0.193     0.224      2.52      1.01      2.22
     18/99     8.14G      2.49      2.36      2.56      7.41        13       480     0.299     0.243     0.197     0.229      2.51      1.02      2.18
     19/99     3.05G      2.46      2.18       2.5      7.13        16       640     0.286     0.275     0.213     0.248       2.5      1.01      2.11
     20/99     5.41G      2.45      2.28      2.49      7.21        15       544     0.279     0.294     0.222     0.257      2.48      1.01      2.09
     21/99     5.41G      2.45      2.23      2.46      7.14        19       512     0.281     0.289     0.221      0.26      2.48      1.01       2.1
     22/99    0.789G      2.43       2.3      2.45      7.18        28       448     0.285      0.28     0.219     0.252      2.46      1.01      2.03
     23/99      7.8G      2.42      2.26      2.45      7.13        11       448     0.296     0.293     0.235     0.268      2.44         1      2.03
     24/99      7.8G      2.41      2.22      2.41      7.05        17       480     0.304     0.318     0.248     0.286      2.42     0.996      2.01
     25/99      7.8G       2.4      2.21       2.4      7.01        15       640     0.332     0.305     0.255     0.288      2.41     0.994      1.98
     26/99    0.768G      2.37      2.29      2.39      7.05        15       384     0.311     0.321     0.253     0.287      2.41         1      1.99
     27/99     8.16G      2.38      2.21      2.36      6.95        14       480      0.31     0.332     0.253     0.291      2.39     0.989      1.96
     28/99     8.16G      2.37      2.22      2.34      6.94        15       480     0.315     0.341     0.274     0.299      2.37     0.982      1.93
     29/99     8.16G      2.36      2.23      2.35      6.94        21       576     0.302     0.345     0.268     0.297      2.36     0.985      1.92
     30/99     8.16G      2.35       2.2      2.31      6.87        12       448     0.332     0.352     0.285     0.318      2.35     0.972      1.89
     31/99     8.16G      2.34      2.14       2.3      6.78        14       512     0.324     0.363     0.287     0.316      2.34     0.977      1.87
     32/99     8.16G      2.35      2.33      2.31      6.98        11       512     0.312     0.356     0.279     0.307      2.34     0.975      1.88
     33/99     8.16G      2.33       2.2      2.28      6.81        32       416     0.314     0.388     0.296     0.324      2.32     0.976      1.83
     34/99     8.16G      2.33      2.11      2.25      6.68         8       608     0.317     0.383     0.299     0.323       2.3     0.969      1.82
     35/99     8.17G      2.31       2.1      2.24      6.65        25       352     0.336     0.386     0.313     0.332      2.28     0.964      1.78
     36/99     8.17G      2.31      2.25      2.25      6.81        24       544     0.321     0.381     0.302     0.324      2.29     0.966       1.8
     37/99     8.17G      2.31      2.22      2.24      6.77        17       320     0.321     0.396     0.309     0.331      2.29     0.967      1.79
     38/99     8.17G      2.29      2.13       2.2      6.61        17       448     0.323     0.413     0.325     0.338      2.27     0.965      1.76
     39/99     8.17G      2.29      2.16      2.21      6.66        17       352     0.328     0.387      0.31     0.328      2.27      0.96      1.76
     40/99     8.17G      2.28      2.23       2.2      6.71        16       608     0.319     0.404     0.316     0.331      2.27     0.962      1.75
     41/99     8.17G      2.29      2.23       2.2      6.71        23       352     0.327     0.406     0.321     0.337      2.26      0.96      1.73
