      0/99     6.07G      3.69      4.57      3.23      11.5        15       320    0.0534  0.000252   0.00202  0.000502      3.53      1.81      2.93
      1/99     6.07G      3.11      3.66      2.89      9.66        10       576     0.184   0.00957    0.0212    0.0146      3.23      1.48      2.65
      2/99     6.07G      2.99      2.93      2.66      8.57        15       544     0.253    0.0159    0.0199    0.0217      3.18      1.33      2.57
      3/99     6.06G      2.87      2.64      2.47      7.98        12       480      0.19    0.0377    0.0575    0.0546      2.99      1.23      2.24
      4/99     6.08G      2.78      2.59       2.3      7.67        21       320     0.273    0.0387    0.0674    0.0624      2.97      1.25      2.11
      5/99     6.06G      2.72      2.57      2.22       7.5        31       512     0.313    0.0655    0.0948    0.0961      2.83      1.22      1.88
      6/99     6.07G      2.68      2.62      2.12      7.42        20       480     0.324     0.113     0.115     0.135      2.82      1.21      1.85
      7/99     6.07G      2.61       2.5      2.05      7.16        23       608      0.32     0.138      0.13     0.174      2.77      1.24      1.74
      8/99     6.07G      2.59      2.55      1.99      7.14        19       576     0.244     0.169     0.129     0.171      2.78       1.3      1.84
      9/99     6.07G      2.56       2.4      1.91      6.87        17       352      0.39     0.147     0.165     0.183      2.68      1.18      1.65
     10/99     6.08G      2.53      2.55      1.88      6.95        18       352     0.397     0.133     0.146      0.17      2.72      1.24      1.68
     11/99     6.08G       2.5      2.54      1.84      6.88        40       576     0.358     0.186     0.178     0.216       2.6       1.2      1.44
     12/99     6.08G      2.49      2.47       1.8      6.75        27       576     0.373       0.2     0.191     0.229      2.59      1.22      1.42
     13/99     6.08G      2.46      2.38      1.76      6.61        21       480     0.406     0.207     0.215     0.241      2.55      1.21       1.4
     14/99     6.07G      2.44      2.46      1.71      6.61        17       416     0.318      0.25     0.205     0.254      2.55      1.27      1.31
     15/99     6.08G      2.44      2.38      1.69      6.51        10       320      0.36     0.259     0.216     0.277      2.52      1.21      1.29
     16/99     6.08G      2.41      2.42      1.67       6.5        14       352     0.372     0.259     0.231     0.284      2.48      1.19      1.23
     17/99     6.08G      2.39      2.42      1.62      6.43        15       544     0.378     0.259     0.241     0.278      2.44      1.17      1.23
     18/99     6.08G      2.38      2.53      1.62      6.53        13       480     0.375      0.27     0.239     0.284      2.47      1.21      1.25
     19/99     6.07G      2.36      2.37      1.57       6.3        10       640      0.42     0.286     0.271      0.32      2.47      1.18      1.18
     20/99     6.07G      2.35      2.45      1.56      6.36        18       544     0.372     0.328     0.277     0.336      2.41      1.22      1.11
     21/99     6.07G      2.33       2.4      1.54      6.27        24       512     0.394     0.323     0.279     0.334      2.42      1.18      1.13
     22/99     6.07G      2.32      2.46      1.52      6.29        18       448     0.373     0.345     0.281     0.343      2.37       1.2      1.07
     23/99     6.07G      2.32      2.44      1.51      6.28         7       448     0.381     0.337     0.284     0.338      2.38      1.19      1.08
     24/99     6.07G      2.31      2.42      1.48       6.2        21       480     0.368     0.356     0.291     0.347      2.38      1.21      1.03
     25/99     6.07G       2.3      2.35      1.45       6.1        17       640     0.383     0.356     0.307     0.359      2.36      1.19     0.993
     26/99     6.07G      2.28      2.44      1.46      6.18        23       384     0.369     0.376     0.308     0.357      2.34      1.22     0.985
     27/99     6.07G      2.27      2.37      1.42      6.06        11       480     0.371     0.395     0.316     0.366      2.32      1.22     0.968
     28/99     6.07G      2.27      2.37      1.42      6.06        14       480     0.412     0.383     0.333     0.379       2.3      1.18     0.943
     29/99     6.07G      2.25      2.39      1.39      6.03        16       576     0.374     0.401     0.326     0.375      2.28      1.19     0.909
     30/99     6.07G      2.25      2.34      1.36      5.96        10       448     0.402     0.399     0.344      0.39      2.28      1.18     0.889
     31/99     6.07G      2.24      2.31      1.35      5.89        13       512     0.413     0.411     0.356     0.401      2.26      1.15     0.873
     32/99     6.07G      2.23      2.47      1.35      6.05        20       512       0.4     0.424     0.355     0.399      2.24      1.18     0.858
     33/99     6.07G      2.23      2.35      1.34      5.92        14       416      0.43     0.415     0.371     0.411      2.23      1.14     0.833
     34/99     6.07G      2.21      2.24       1.3      5.75        10       608     0.415     0.427     0.377     0.409      2.21      1.14     0.814
     35/99     6.08G       2.2      2.27      1.29      5.75        18       352     0.411     0.447     0.383     0.421      2.21      1.16     0.779
     36/99     6.08G       2.2       2.4      1.29      5.89        15       544     0.384     0.459     0.375     0.406      2.22      1.19     0.793
     37/99     6.08G       2.2      2.39      1.27      5.87        20       320     0.392     0.456     0.381      0.41       2.2      1.17     0.762
     38/99     6.08G      2.18      2.27      1.26      5.71        16       448     0.395     0.456     0.384     0.414       2.2      1.18     0.756
     39/99     6.08G      2.17      2.33      1.24      5.75        19       352     0.402     0.471     0.396     0.426      2.17      1.17     0.737
     40/99     6.08G      2.17      2.38      1.24       5.8        23       608     0.375     0.474     0.386     0.411      2.19      1.19     0.738
     41/99     6.08G      2.16      2.34      1.23      5.73        11       352     0.403     0.477     0.397     0.429      2.17      1.16     0.719
     42/99     6.08G      2.16       2.3       1.2      5.66        25       384     0.397     0.478     0.402     0.425      2.15      1.16     0.693
     43/99     6.08G      2.14      2.36       1.2       5.7        18       576     0.392     0.481     0.402     0.424      2.15      1.16     0.702
     44/99     6.08G      2.13      2.29      1.17       5.6         7       320     0.398     0.498     0.415     0.434      2.14      1.16     0.677
     45/99     6.08G      2.13      2.35      1.19      5.67        15       608     0.388     0.508     0.418     0.432      2.14      1.17     0.674
     46/99     6.08G      2.13      2.26      1.16      5.55        17       640     0.404     0.509      0.43     0.442      2.13      1.15      0.65
     47/99     6.08G      2.11      2.18      1.13      5.42        29       576     0.423     0.505     0.435     0.452      2.11      1.13     0.643
     48/99     6.08G      2.11      2.29      1.14      5.53        14       416     0.412     0.513     0.438     0.449      2.11      1.14     0.628
     49/99     6.08G      2.09      2.27      1.13      5.49        21       352     0.416     0.519     0.439     0.454       2.1      1.14     0.617
     50/99     6.08G       2.1       2.3      1.11      5.51        13       576      0.41     0.532     0.448     0.456       2.1      1.14     0.607
     51/99     6.08G      2.08      2.31      1.11      5.51        20       320     0.401     0.534     0.446      0.45      2.09      1.15     0.598
     52/99     6.08G      2.08      2.23      1.09      5.41        20       416     0.407     0.535     0.454     0.456      2.08      1.14     0.582
     53/99     6.08G      2.07      2.37      1.11      5.55        24       512     0.399     0.545     0.453     0.454      2.09      1.15     0.582
     54/99     6.08G      2.06      2.31      1.09      5.47        16       448     0.396     0.545     0.452     0.452      2.08      1.15     0.574
     55/99     6.08G      2.06      2.31      1.07      5.44        14       416     0.397     0.555     0.457     0.456      2.07      1.16     0.568
     56/99     6.08G      2.05      2.24      1.04      5.33        21       512      0.41     0.554     0.467     0.465      2.06      1.14     0.556
     57/99     6.08G      2.03      2.32      1.04       5.4        27       512       0.4     0.558     0.468     0.459      2.06      1.14     0.544
     58/99     6.08G      2.03      2.22      1.04      5.29        15       640     0.406     0.563     0.476     0.465      2.05      1.14     0.536
     59/99     6.08G      2.04       2.3      1.04      5.38        20       448     0.404     0.568     0.479     0.465      2.04      1.13     0.529
     60/99     6.08G      2.01       2.3      1.03      5.33        17       352     0.402     0.575      0.48     0.467      2.04      1.14     0.521
     61/99     6.08G      2.03      2.16      1.01       5.2        11       480     0.411     0.571     0.485     0.471      2.03      1.13     0.513
     62/99     6.08G         2      2.23         1      5.24        16       352     0.409     0.572     0.486     0.471      2.03      1.12     0.504
     63/99     6.08G         2       2.2     0.988      5.19        17       320      0.41     0.576     0.489     0.474      2.02      1.12     0.494
     64/99     6.08G         2       2.3         1       5.3        18       448     0.406     0.582     0.491     0.473      2.02      1.13     0.489
     65/99     6.08G         2      2.21     0.982      5.19        26       320      0.41     0.584     0.494     0.476      2.01      1.12      0.48
     66/99     6.08G      1.98      2.25     0.963      5.19        19       384     0.408     0.587     0.495     0.475      2.01      1.12     0.473
     67/99     6.08G      1.97      2.25     0.947      5.17        16       576     0.407     0.592     0.499     0.477         2      1.13     0.467
     68/99     6.08G      1.97      2.29      0.96      5.21        12       608     0.404     0.594     0.498     0.475         2      1.13     0.462
     69/99     6.08G      1.96       2.2     0.929      5.09        17       320     0.404     0.597       0.5     0.476         2      1.13     0.457
     70/99     6.08G      1.95      2.18     0.918      5.05        15       544     0.405     0.598     0.502     0.477      1.99      1.13     0.451
     71/99     6.08G      1.94      2.21     0.907      5.06        15       512     0.404     0.603     0.504     0.478      1.99      1.13     0.445
     72/99     6.08G      1.96      2.32     0.931       5.2        15       480     0.403     0.605     0.506     0.479      1.99      1.13     0.442
     73/99     6.08G      1.95      2.15     0.905      5.01        19       480     0.406     0.606      0.51     0.481      1.98      1.12     0.437
     74/99     6.08G      1.94      2.13     0.889      4.97        10       512     0.408     0.608     0.513     0.483      1.98      1.12     0.431
     75/99     6.08G      1.92      2.19     0.889         5        15       384     0.407     0.612     0.515     0.484      1.98      1.12     0.427
     76/99     6.08G      1.91      2.07     0.866      4.85        14       480      0.41     0.613     0.518     0.486      1.97      1.11     0.422
     77/99     6.08G      1.91      2.16     0.862      4.94        25       352      0.41     0.615     0.521     0.487      1.97      1.11     0.418
     78/99     6.08G      1.91      2.21     0.873      4.99        16       576      0.41     0.618     0.523     0.488      1.96      1.11     0.413
     79/99     6.08G       1.9      2.12     0.865      4.88        14       608     0.411      0.62     0.524      0.49      1.96      1.11     0.409
     80/99     6.08G       1.9       2.2     0.849      4.94        17       512      0.41     0.621     0.526     0.489      1.96      1.11     0.406
     81/99     6.08G      1.89      2.05     0.816      4.76        18       544     0.413     0.624     0.528     0.492      1.96      1.11     0.402
     82/99     6.08G      1.89      2.21     0.849      4.96        14       576     0.411     0.626     0.529     0.492      1.95      1.11     0.399
     83/99     6.08G      1.87      2.16     0.826      4.85        25       352     0.412     0.628     0.531     0.493      1.95      1.11     0.396
     84/99     6.08G      1.87       2.2     0.824       4.9        15       640      0.41     0.629     0.532     0.491      1.95      1.11     0.393
     85/99     6.08G      1.88      2.27     0.825      4.97        19       384     0.409     0.632     0.534     0.492      1.95      1.11      0.39
     86/99     6.08G      1.87      2.18     0.812      4.86        22       512     0.409     0.633     0.536     0.492      1.95      1.11     0.388
     87/99     6.08G      1.86      2.17     0.798      4.83        20       576     0.409     0.635     0.536     0.493      1.95      1.11     0.385
     88/99     6.08G      1.86      2.13     0.802      4.79        13       416      0.41     0.635     0.536     0.493      1.94      1.11     0.382
     89/99     6.08G      1.86      2.11     0.783      4.75        22       448      0.41     0.637     0.538     0.494      1.94       1.1      0.38
     90/99     6.08G      1.85      2.17      0.79      4.81        22       320      0.41     0.638     0.539     0.494      1.94       1.1     0.378
     91/99     6.08G      1.85      2.17     0.784       4.8        14       384      0.41     0.639      0.54     0.494      1.94       1.1     0.376
     92/99     6.08G      1.86      2.18     0.784      4.82        26       576      0.41      0.64     0.541     0.495      1.94       1.1     0.374
     93/99     6.08G      1.84      2.22     0.777      4.84        21       512      0.41      0.64     0.541     0.495      1.94       1.1     0.372
     94/99     6.08G      1.84       2.2     0.763      4.81        16       608      0.41     0.642     0.542     0.496      1.94       1.1      0.37
     95/99     6.08G      1.84      2.15     0.776      4.77        15       448      0.41     0.642     0.542     0.496      1.94       1.1     0.369
     96/99     6.08G      1.83      2.06     0.755      4.64        23       448     0.411     0.643     0.543     0.497      1.94       1.1     0.367
     97/99     6.08G      1.83      2.12     0.756       4.7        25       512     0.411     0.643     0.543     0.497      1.93       1.1     0.365
     98/99     6.08G      1.83      2.13      0.77      4.74        17       480     0.412     0.645     0.544     0.499      1.93       1.1     0.364
     99/99     6.08G      1.82      2.17      0.75      4.74        14       448     0.412     0.645     0.545     0.498      1.93       1.1     0.363
