      0/99     0.87G         4      5.01      4.73      13.7        12       320     0.105  0.000848   0.00304   0.00156      3.49      1.92      3.18
      1/99    0.887G      3.05       3.6      3.13      9.78        16       576     0.123    0.0105     0.016    0.0168      3.12      1.52      2.85
      2/99     1.24G      2.83      2.91       2.9      8.64        21       544     0.136    0.0134    0.0318    0.0221      2.96      1.24      2.63
      3/99    0.889G       2.7      2.68      2.74      8.13        11       480     0.225      0.03    0.0539    0.0481       2.8      1.21      2.44
      4/99     6.18G       2.6      2.58       2.6      7.78        16       320     0.306    0.0546     0.076    0.0804      2.75       1.2      2.26
      5/99     1.32G      2.54      2.56      2.51      7.61        20       512     0.261    0.0862    0.0907     0.112       2.7      1.18      2.23
      6/99     6.33G       2.5      2.64      2.43      7.57        25       480      0.28     0.108     0.117     0.142      2.61      1.18      2.07
      7/99    0.986G      2.44      2.48      2.36      7.28        16       608     0.337     0.119     0.135     0.152      2.57      1.16      2.02
      8/99     5.21G       2.4      2.53      2.28      7.21        28       576     0.349     0.114     0.131      0.15      2.58      1.13      1.98
      9/99     0.87G      2.38      2.39      2.25      7.01        22       352     0.353     0.136     0.161     0.181      2.51      1.14      1.86
     10/99     7.43G      2.36      2.51      2.22       7.1        12       352     0.347      0.16     0.162     0.191      2.45      1.13      1.84
     11/99     7.43G      2.33      2.52      2.17      7.02        22       576     0.358     0.174     0.183     0.213      2.45      1.12      1.79
     12/99     7.43G      2.32      2.46      2.14      6.93        18       576     0.359     0.179     0.192     0.221      2.45      1.11      1.73
     13/99     7.43G      2.29      2.37      2.08      6.74        16       480     0.379     0.204     0.212     0.249      2.39      1.11      1.68
     14/99     0.87G      2.29      2.44      2.06      6.79        21       416     0.393     0.211      0.22     0.258      2.38       1.1      1.65
     15/99     7.22G      2.28      2.38      2.04       6.7        19       320     0.383     0.235     0.236     0.274      2.37       1.1      1.61
     16/99     7.23G      2.27      2.36      2.01      6.64        23       352     0.378     0.227     0.236     0.266      2.35      1.08      1.58
     17/99     7.23G      2.25       2.4      1.97      6.63        14       544     0.502     0.202     0.245     0.262      2.32      1.07      1.54
     18/99     7.23G      2.23       2.5      1.99      6.72        18       480     0.402     0.226     0.236     0.272      2.34      1.07      1.55
     19/99     1.19G      2.22       2.3      1.95      6.47        14       640     0.381     0.237     0.245     0.281       2.3      1.07      1.49
     20/99     7.66G      2.21       2.4      1.92      6.54        17       544      0.41     0.267     0.269     0.301      2.29      1.08      1.48
     21/99     7.66G       2.2      2.37       1.9      6.47        20       512     0.421     0.235     0.254     0.286      2.29      1.05      1.47
     22/99    0.891G      2.19       2.4      1.91      6.49        33       448     0.417     0.252     0.266     0.299      2.27      1.05      1.44
     23/99     6.18G      2.19       2.4      1.86      6.45        21       448      0.41     0.283     0.281     0.322      2.25      1.06      1.42
     24/99     6.18G      2.18      2.35      1.86      6.38        23       480     0.412     0.281     0.281     0.321      2.25      1.05       1.4
     25/99     6.18G      2.17      2.33      1.82      6.32        21       640     0.424     0.302       0.3     0.339      2.21      1.05      1.36
     26/99    0.893G      2.16      2.42       1.8      6.38         9       384     0.416      0.31     0.299      0.34      2.21      1.05      1.35
     27/99     6.83G      2.15      2.34      1.78      6.26        18       480       0.4     0.312     0.294     0.338      2.21      1.04      1.33
     28/99     6.83G      2.15      2.33      1.79      6.27        22       480      0.43      0.33     0.317     0.362      2.19      1.04      1.31
     29/99     6.83G      2.14      2.36      1.76      6.27        17       576      0.41     0.316     0.304     0.344      2.19      1.04       1.3
     30/99     6.83G      2.14      2.33      1.75      6.22        35       448     0.453     0.341     0.327     0.373      2.18      1.03      1.29
     31/99     6.83G      2.11      2.26      1.73       6.1        16       512     0.446     0.342      0.34     0.376      2.16      1.03      1.25
     32/99     6.83G      2.12      2.42      1.76       6.3        13       512     0.453     0.346     0.331     0.374      2.17      1.03      1.25
     33/99     6.83G      2.12      2.31      1.71      6.14        14       416     0.455      0.35     0.341     0.379      2.15      1.03      1.22
     34/99     6.83G       2.1      2.19      1.67      5.97        13       608     0.454     0.357     0.348     0.386      2.13      1.02      1.21
     35/99     6.84G       2.1      2.22      1.66      5.98        10       352     0.457     0.355     0.349     0.384      2.12      1.01      1.18
     36/99     6.84G       2.1      2.35      1.69      6.14        16       544     0.467     0.353     0.346     0.383      2.13      1.02      1.19
     37/99     6.84G      2.08      2.34      1.66      6.08        14       320     0.461     0.367     0.359     0.394      2.12      1.02      1.18
     38/99     6.84G      2.09      2.25      1.64      5.98        19       448     0.454     0.368     0.358     0.394      2.11      1.01      1.16
     39/99     6.84G      2.08      2.28      1.62      5.98        35       352     0.477     0.378     0.366     0.401       2.1      1.01      1.14
     40/99     6.84G      2.08      2.32      1.62      6.02        21       608     0.453     0.391     0.366       0.4      2.11      1.01      1.13
     41/99     6.84G      2.07      2.32      1.62      6.01        13       352     0.465     0.393     0.376     0.411      2.09      1.01      1.12
     42/99     6.84G      2.05      2.27       1.6      5.92        17       384     0.455     0.393     0.374     0.407      2.08      1.01      1.11
     43/99     6.84G      2.05      2.32      1.61      5.98        10       576     0.456     0.406     0.381     0.415      2.08         1      1.11
     44/99     6.84G      2.06      2.27       1.6      5.93        20       320      0.48     0.406     0.389     0.421      2.07     0.998      1.09
     45/99     6.84G      2.06      2.33      1.58      5.97         9       608     0.477     0.408     0.389     0.421      2.07     0.996      1.09
     46/99     6.84G      2.05      2.22      1.55      5.82        17       640     0.474      0.41     0.392     0.422      2.06     0.995      1.08
     47/99     6.84G      2.03      2.15      1.53      5.71        30       576     0.472     0.421       0.4     0.426      2.05     0.994      1.05
     48/99     6.84G      2.03      2.23      1.53      5.79        13       416     0.473     0.425     0.401     0.429      2.04     0.992      1.05
     49/99     6.84G      2.04      2.21      1.54       5.8        17       352     0.467      0.43     0.407     0.433      2.05      0.99      1.04
     50/99     6.84G      2.02      2.23      1.54       5.8        34       576     0.472     0.435     0.412     0.436      2.04      0.99      1.03
     51/99     6.84G      2.02      2.27      1.53      5.82        14       320     0.472     0.437     0.411     0.438      2.04     0.986      1.02
     52/99     6.84G      2.01      2.18      1.52      5.72        18       416     0.478     0.442     0.416     0.442      2.03     0.986      1.01
     53/99     6.84G      2.03      2.33      1.52      5.87        26       512     0.472     0.444     0.416     0.441      2.03     0.985      1.01
     54/99     6.84G      2.03      2.29       1.5      5.81        12       448     0.469     0.439     0.414     0.437      2.03     0.985      1.01
     55/99     6.84G         2      2.27       1.5      5.78        14       416     0.476     0.439     0.418     0.441      2.02     0.982         1
     56/99     6.84G      2.02      2.21      1.48      5.71        36       512     0.481     0.441     0.422     0.444      2.01     0.979     0.991
     57/99     6.84G         2      2.25      1.47      5.72        18       512     0.475     0.446     0.426     0.445      2.01     0.978     0.988
     58/99     6.84G         2      2.18      1.49      5.67        27       640     0.478     0.449      0.43     0.448      2.01     0.975     0.979
     59/99     6.84G         2      2.25      1.48      5.73        16       448     0.483     0.453     0.432     0.451      2.01     0.974     0.973
     60/99     6.84G      1.99      2.28      1.46      5.73        31       352      0.48     0.452     0.433     0.449         2     0.973     0.968
     61/99     6.84G      1.99      2.09      1.43      5.51        11       480     0.483     0.462     0.439     0.456         2     0.971     0.958
     62/99     6.84G      1.98      2.18      1.42      5.59        22       352     0.482     0.468     0.442     0.458      1.99      0.97      0.95
     63/99     6.84G      1.99      2.18      1.42      5.59        25       320      0.48     0.466     0.442     0.456      1.99     0.967     0.942
     64/99     6.84G      1.99      2.26      1.44      5.69        48       448     0.477      0.47     0.444     0.456      1.99     0.966     0.939
     65/99     6.84G      1.98      2.15       1.4      5.52        25       320     0.478     0.471     0.447     0.458      1.99     0.966     0.931
     66/99     6.84G      1.98       2.2      1.41      5.59         7       384     0.479     0.473     0.449     0.461      1.98     0.964     0.927
     67/99     6.84G      1.96      2.17      1.41      5.53        14       576      0.48     0.475     0.451     0.463      1.98     0.963     0.922
     68/99     6.84G      1.97      2.25      1.41      5.63        15       608     0.483     0.479     0.454     0.466      1.98     0.961     0.919
     69/99     6.84G      1.96      2.15      1.38      5.49        16       320     0.482     0.482     0.457     0.467      1.98     0.961     0.914
     70/99     6.84G      1.96      2.15      1.38       5.5        17       544     0.486     0.482     0.458     0.468      1.97     0.959      0.91
     71/99     6.84G      1.97      2.18      1.37      5.52        17       512     0.484     0.484     0.459     0.469      1.97     0.958     0.905
     72/99     6.84G      1.96      2.22      1.38      5.56        13       480     0.484     0.484      0.46      0.47      1.97     0.957     0.902
     73/99     6.84G      1.96      2.13      1.36      5.45        25       480     0.484     0.485     0.462      0.47      1.96     0.956     0.898
     74/99     6.84G      1.93       2.1      1.36      5.39        18       512     0.488     0.489     0.464     0.473      1.96     0.956     0.893
     75/99     6.84G      1.94      2.17      1.35      5.46        24       384     0.487      0.49     0.464     0.474      1.96     0.955      0.89
     76/99     6.84G      1.94      2.03      1.34      5.31        11       480     0.486     0.491     0.467     0.474      1.96     0.955     0.886
     77/99     6.84G      1.94      2.13      1.35      5.42        26       352     0.487     0.494     0.468     0.476      1.95     0.954     0.882
     78/99     6.84G      1.93      2.18      1.36      5.47        23       576     0.487     0.495     0.469     0.477      1.95     0.953     0.879
     79/99     6.84G      1.94      2.09      1.34      5.36        14       608     0.486     0.497     0.471     0.477      1.95     0.952     0.876
     80/99     6.84G      1.93      2.16      1.33      5.42        19       512     0.487     0.499     0.473     0.479      1.95     0.952     0.873
     81/99     6.84G      1.92      2.03      1.31      5.26        15       544     0.489       0.5     0.474      0.48      1.95     0.951      0.87
     82/99     6.84G      1.94       2.2      1.33      5.47        11       576     0.488     0.499     0.475      0.48      1.95     0.951     0.868
     83/99     6.84G      1.94      2.11      1.33      5.38        17       352     0.489       0.5     0.476     0.481      1.95      0.95     0.865
     84/99     6.84G      1.92      2.17      1.33      5.42        16       640     0.489     0.501     0.477     0.481      1.95     0.949     0.863
     85/99     6.84G      1.93      2.24      1.32      5.49        16       384     0.488     0.501     0.477      0.48      1.94     0.949     0.862
     86/99     6.84G      1.92      2.17      1.32      5.42        18       512     0.488       0.5     0.478      0.48      1.94     0.949      0.86
     87/99     6.84G      1.92      2.16      1.31      5.39        21       576     0.489     0.502     0.479     0.481      1.94     0.948     0.858
     88/99     6.84G      1.91      2.13      1.31      5.35        25       416     0.488     0.503      0.48     0.481      1.94     0.948     0.857
     89/99     6.84G      1.92      2.11      1.29      5.32        12       448     0.489     0.503     0.481     0.481      1.94     0.947     0.855
     90/99     6.84G      1.92      2.19      1.31      5.42        35       320     0.488     0.502     0.481     0.481      1.94     0.947     0.854
     91/99     6.84G      1.92      2.16      1.28      5.35        17       384     0.488     0.503     0.481     0.481      1.94     0.947     0.853
     92/99     6.84G      1.91      2.17      1.29      5.37        12       576     0.486     0.503     0.482     0.481      1.94     0.947     0.851
     93/99     6.84G      1.91       2.2      1.31      5.42        17       512     0.485     0.503     0.482      0.48      1.94     0.946      0.85
     94/99     6.84G      1.92      2.17       1.3      5.38        24       608     0.486     0.504     0.482      0.48      1.94     0.946     0.849
     95/99     6.84G      1.91      2.14      1.28      5.34        21       448     0.486     0.505     0.483     0.481      1.94     0.946     0.848
     96/99     6.84G      1.92      2.05      1.27      5.24        12       448     0.486     0.506     0.484     0.482      1.94     0.945     0.847
     97/99     6.84G       1.9       2.1      1.28      5.28        22       512     0.488     0.506     0.484     0.483      1.94     0.945     0.846
     98/99     6.84G      1.91      2.13       1.3      5.34        23       480     0.488     0.506     0.485     0.483      1.94     0.945     0.844
     99/99     6.84G      1.89      2.16      1.29      5.35        22       448     0.487     0.506     0.485     0.483      1.94     0.945     0.844
